1;1;1;361
1;1;2;363
1;1;3;28899
1;1;4;33236
1;1;5;7772
1;1;6;7774
1;1;7;33346
1;1;8;3223
1;1;9;31020
1;1;10;358
1;1;11;2688
1;1;12;4734
1;1;13;21335
1;1;14;23728
1;1;15;33666
1;1;16;34672
1;1;17;1594
1;1;18;2839
1;1;19;28495
1;1;20;4842
1;1;21;1854
1;1;22;2699
1;1;23;4579
1;1;24;6498
1;1;25;1726
1;1;26;15767
1;1;27;16919
1;1;28;16575
1;1;29;23596
1;1;30;2500
1;1;31;4782
1;1;32;6771
1;1;33;28784
1;1;34;32774
1;1;35;33686
1;1;36;3219
1;1;37;30026
1;1;38;29032
1;1;39;1212
1;1;40;4825
1;1;41;21343
1;1;42;26836
1;1;43;114
1;1;44;406
1;1;45;15074
1;1;46;7492
1;1;47;16908
1;1;48;26515
1;1;49;20215
1;1;50;22704
1;1;51;25213
1;1;52;5209
1;1;53;24043
1;1;54;27965
1;1;55;30730
1;1;56;22184
1;1;57;28516
1;1;58;5226
1;1;59;5215
1;1;60;24021
1;1;61;23810
1;1;62;6168
1;1;63;4631
1;1;64;795
1;1;65;5053
1;1;66;27327
1;1;67;4800
1;1;68;6587
1;1;69;4845
1;1;70;33532
1;1;71;5232
1;1;72;892
1;1;73;4851
1;1;74;5542
1;1;75;31658
1;1;76;31661
1;1;77;0
1;1;78;4926
1;1;79;32813
1;1;80;34582
1;1;81;4814
1;1;82;34288
1;1;83;4878
1;1;84;5037
1;1;85;5139
1;1;86;972
1;1;87;29175
1;1;88;661
1;1;89;19000
1;1;90;1188
1;1;91;33104
1;1;92;15911
1;1;93;7753
1;1;94;4234
1;1;95;27700
1;1;96;839
1;1;97;31151
1;1;98;1602
1;1;99;7747
1;1;100;1040
1;1;101;25745
1;1;102;16132
1;1;103;30812
1;1;104;29342
1;1;105;34814
1;1;106;22751
1;1;107;936
1;1;108;4201
1;1;109;31183
1;1;110;2456
1;1;111;6828
1;1;112;24882
1;1;113;3348
1;1;114;27365
1;1;115;8131
1;1;116;1012
1;1;117;30165
1;1;118;1221
1;1;119;32895
1;1;120;5970
1;1;121;7137
1;1;122;7979
1;1;123;23037
1;1;124;31441
1;1;125;18837
1;1;126;8269
1;1;127;32168
1;1;128;835
1;1;129;8033
1;1;130;8233
1;1;131;17379
1;1;132;29087
1;1;133;7374
1;1;134;23890
1;1;135;7646
1;1;136;22483
1;1;137;4487
1;1;138;7720
1;1;139;7505
1;1;140;27692
1;1;141;508
1;1;142;701
1;1;143;34424
1;1;144;817
1;1;145;20412
1;1;146;642
1;1;147;8188
1;1;148;31323
1;1;149;5473
1;1;150;960
1;1;151;7424
1;1;152;32109
1;1;153;24389
1;1;154;27100
1;1;155;880
1;1;156;1669
1;1;157;747
1;1;158;811
1;1;159;23955
1;1;160;23880
1;1;161;16093
1;1;162;17665
1;1;163;1731
1;1;164;7070
1;1;165;23990
1;1;166;34306
1;1;167;1013
1;1;168;935
1;1;169;7083
1;1;170;21094
1;1;171;33904
1;1;172;7133
1;1;173;3333
1;1;174;2741
1;1;175;20328
1;1;176;7694
1;1;177;32694
1;1;178;0
2;1;1;6340
2;1;2;7617
2;1;3;4774
2;1;4;4950
2;1;5;4767
2;1;6;19836
2;1;7;31267
2;1;8;603
2;1;9;3140
2;1;10;5063
2;1;11;32809
2;1;12;28082
2;1;13;21967
2;1;14;31663
2;1;15;34458
2;1;16;26241
2;1;17;2627
2;1;18;6315
2;1;19;2184
2;1;20;3292
2;1;21;2682
2;1;22;4935
2;1;23;1903
2;1;24;4974
2;1;25;8361
2;1;26;2680
2;1;27;20512
2;1;28;7309
2;1;29;18872
2;1;30;4235
2;1;31;1585
2;1;32;2100
2;1;33;4829
2;1;34;5205
2;1;35;4823
2;1;36;4949
2;1;37;8365
2;1;38;1374
2;1;39;34762
2;1;40;4815
2;1;41;1774
2;1;42;30872
2;1;43;32560
2;1;44;32538
2;1;45;19473
2;1;46;730
2;1;47;7355
2;1;48;7357
2;1;49;7359
2;1;50;7365
2;1;51;7370
2;1;52;7371
2;1;53;7372
2;1;54;16960
2;1;55;24306
2;1;56;26248
2;1;57;887
2;1;58;6129
2;1;59;909
2;1;60;969
2;1;61;21179
2;1;62;317
2;1;63;33203
2;1;64;27189
2;1;65;907
2;1;66;908
2;1;67;875
2;1;68;4981
2;1;69;19546
2;1;70;3018
2;1;71;5804
2;1;72;8211
2;1;73;6010
2;1;74;7104
2;1;75;820
2;1;76;3349
2;1;77;6289
2;1;78;325
2;1;79;8413
2;1;80;5856
2;1;81;6316
2;1;82;5126
2;1;83;2832
2;1;84;5114
2;1;85;5048
2;1;86;8319
2;1;87;15487
2;1;88;1601
2;1;89;6395
2;1;90;24078
2;1;91;5636
2;1;92;8030
2;1;93;33024
2;1;94;0
2;1;95;32889
2;1;96;28825
2;1;97;4910
2;1;98;2949
2;1;99;4987
2;1;100;31461
2;1;101;3205
2;1;102;17201
2;1;103;29921
2;1;104;5202
2;1;105;4992
2;1;106;5128
2;1;107;5929
2;1;108;5407
2;1;109;1758
2;1;110;5055
2;1;111;4740
2;1;112;22171
2;1;113;5018
2;1;114;24162
2;1;115;5004
2;1;116;6809
2;1;117;27613
2;1;118;4763
2;1;119;4978
2;1;120;6224
2;1;121;5017
2;1;122;31898
2;1;123;32702
2;1;124;5888
2;1;125;6925
2;1;126;31279
2;1;127;7953
2;1;128;2539
2;1;129;4884
2;1;130;4780
2;1;131;7211
2;1;132;34739
2;1;133;4969
2;1;134;5009
2;1;135;28819
2;1;136;24120
2;1;137;8141
2;1;138;5159
2;1;139;1771
2;1;140;4748
2;1;141;5166
2;1;142;23070
2;1;143;5219
2;1;144;5189
2;1;145;1728
2;1;146;5362
2;1;147;5224
2;1;148;5005
2;1;149;895
2;1;150;15458
2;1;151;4958
2;1;152;5092
2;1;153;5010
2;1;154;18
2;1;155;29730
2;1;156;4844
2;1;157;17969
2;1;158;8244
2;1;159;5097
2;1;160;8410
2;1;161;34910
2;1;162;26079
2;1;163;5729
2;1;164;4994
2;1;165;2353
2;1;166;4879
2;1;167;34679
2;1;168;30152
2;1;169;25969
2;1;170;0
1;2;1;25188
1;2;2;4749
1;2;3;20690
1;2;4;7941
1;2;5;16580
1;2;6;4985
1;2;7;5141
1;2;8;5204
1;2;9;28315
1;2;10;4773
1;2;11;5111
1;2;12;4775
1;2;13;4831
1;2;14;32568
1;2;15;22296
1;2;16;30809
1;2;17;20231
1;2;18;8368
1;2;19;15272
1;2;20;1625
1;2;21;4801
1;2;22;34878
1;2;23;4977
1;2;24;1181
1;2;25;6887
1;2;26;4751
1;2;27;4956
1;2;28;29266
1;2;29;1663
1;2;30;5787
1;2;31;4750
1;2;32;6286
1;2;33;1824
1;2;34;6865
1;2;35;1772
1;2;36;17095
1;2;37;22342
1;2;38;6249
1;2;39;2621
1;2;40;32606
1;2;41;15426
1;2;42;5049
1;2;43;26054
1;2;44;1895
1;2;45;32601
1;2;46;7300
1;2;47;20010
1;2;48;4796
1;2;49;2306
1;2;50;1805
1;2;51;1745
1;2;52;15142
1;2;53;1764
1;2;54;6888
1;2;55;2757
1;2;56;1727
1;2;57;7740
1;2;58;1734
1;2;59;31679
1;2;60;30969
1;2;61;30370
1;2;62;5201
1;2;63;4804
1;2;64;122
1;2;65;15760
1;2;66;33211
1;2;67;7308
1;2;68;25678
1;2;69;19697
1;2;70;4838
1;2;71;4752
1;2;72;34219
1;2;73;5351
1;2;74;4970
1;2;75;4934
1;2;76;17907
1;2;77;6147
1;2;78;1959
1;2;79;7480
1;2;80;5039
1;2;81;34121
1;2;82;5012
1;2;83;5116
1;2;84;19377
1;2;85;6359
1;2;86;4991
1;2;87;19087
1;2;88;2334
1;2;89;5175
1;2;90;4945
1;2;91;5176
1;2;92;5239
1;2;93;5140
1;2;94;5170
1;2;95;30528
1;2;96;4955
1;2;97;29035
1;2;98;4824
1;2;99;5105
1;2;100;4857
1;2;101;5190
1;2;102;0
1;2;103;2836
1;2;104;7161
1;2;105;4957
1;2;106;5832
1;2;107;4772
1;2;108;29250
1;2;109;28125
1;2;110;5058
1;2;111;5144
1;2;112;5983
1;2;113;5107
1;2;114;5152
1;2;115;5571
1;2;116;4608
1;2;117;5109
1;2;118;5061
1;2;119;19155
1;2;120;8412
1;2;121;4911
1;2;122;32102
1;2;123;30229
1;2;124;5788
1;2;125;30968
1;2;126;4904
1;2;127;576
1;2;128;30710
1;2;129;29895
1;2;130;2314
1;2;131;20793
1;2;132;32778
1;2;133;25195
1;2;134;21701
1;2;135;3046
1;2;136;21276
1;2;137;21807
1;2;138;33425
1;2;139;31023
1;2;140;5221
1;2;141;20621
1;2;142;1888
1;2;143;30875
1;2;144;17262
1;2;145;1995
1;2;146;5093
1;2;147;25860
1;2;148;1760
1;2;149;15825
1;2;150;32285
1;2;151;4766
1;2;152;5861
1;2;153;898
1;2;154;31548
1;2;155;4903
1;2;156;5052
1;2;157;5050
1;2;158;5127
1;2;159;6603
1;2;160;7541
1;2;161;5146
1;2;162;2697
1;2;163;24125
1;2;164;25100
1;2;165;5011
1;2;166;34841
1;2;167;16607
1;2;168;1826
1;2;169;4755
1;2;170;8327
1;2;171;338
1;2;172;4816
1;2;173;4895
1;2;174;30238
1;2;175;6272
1;2;176;1876
1;2;177;1875
1;2;178;5564
1;2;179;5142
1;2;180;31913
1;2;181;5082
1;2;182;6144
1;2;183;16697
1;2;184;6136
1;2;185;26064
1;2;186;5178
1;2;187;4783
1;2;188;1739
1;2;189;8414
1;2;190;5550
1;2;191;1751
1;2;192;32559
1;2;193;0
2;2;1;18967
2;2;2;30164
2;2;3;1303
2;2;4;31152
2;2;5;15180
2;2;6;34612
2;2;7;7980
2;2;8;16759
2;2;9;30824
2;2;10;34669
2;2;11;8363
2;2;12;1064
2;2;13;1015
2;2;14;1065
2;2;15;881
2;2;16;27137
2;2;17;850
2;2;18;808
2;2;19;29626
2;2;20;934
2;2;21;1069
2;2;22;1085
2;2;23;844
2;2;24;30382
2;2;25;1223
2;2;26;930
2;2;27;7097
2;2;28;23922
2;2;29;733
2;2;30;162
2;2;31;25341
2;2;32;34486
2;2;33;33996
2;2;34;812
2;2;35;956
2;2;36;1522
2;2;37;8272
2;2;38;8584
2;2;39;1043
2;2;40;7709
2;2;41;24047
2;2;42;25908
2;2;43;27465
2;2;44;14930
2;2;45;18835
2;2;46;26243
2;2;47;7610
2;2;48;29647
2;2;49;26414
2;2;50;30157
2;2;51;1518
2;2;52;34544
2;2;53;4319
2;2;54;20533
2;2;55;883
2;2;56;789
2;2;57;1241
2;2;58;31801
2;2;59;32096
2;2;60;31588
2;2;61;23106
2;2;62;15945
2;2;63;1246
2;2;64;1247
2;2;65;18887
2;2;66;24705
2;2;67;4779
2;2;68;1084
2;2;69;16673
2;2;70;1336
2;2;71;22253
2;2;72;868
2;2;73;29975
2;2;74;2483
2;2;75;33002
2;2;76;1638
2;2;77;3330
2;2;78;2241
2;2;79;5792
2;2;80;6169
2;2;81;6863
2;2;82;6260
2;2;83;28007
2;2;84;34504
2;2;85;1590
2;2;86;3045
2;2;87;26401
2;2;88;26190
2;2;89;29885
2;2;90;5036
2;2;91;933
2;2;92;0
2;2;93;34909
2;2;94;919
2;2;95;29839
2;2;96;1268
2;2;97;1255
2;2;98;205
2;2;99;31156
2;2;100;859
2;2;101;4736
2;2;102;1230
2;2;103;1599
2;2;104;23621
2;2;105;1179
2;2;106;885
2;2;107;28702
2;2;108;5344
2;2;109;3322
2;2;110;32711
2;2;111;33070
2;2;112;18720
2;2;113;5297
2;2;114;27958
2;2;115;143
2;2;116;1228
2;2;117;23160
2;2;118;16661
2;2;119;6895
2;2;120;5553
2;2;121;23456
2;2;122;4153
2;2;123;18283
2;2;124;753
2;2;125;28022
2;2;126;34684
2;2;127;8316
2;2;128;32681
2;2;129;34111
2;2;130;5532
2;2;131;6064
2;2;132;32386
2;2;133;577
2;2;134;32261
2;2;135;32370
2;2;136;5773
2;2;137;5794
2;2;138;23590
2;2;139;30440
2;2;140;34343
2;2;141;33951
2;2;142;25543
2;2;143;0
1;3;1;33666
1;3;2;31658
1;3;3;31661
1;3;4;31663
1;3;5;4852
1;3;6;32946
1;3;7;8607
1;3;8;24528
1;3;9;31469
1;3;10;8202
1;3;11;24180
1;3;12;767
1;3;13;25920
1;3;14;30375
1;3;15;5682
1;3;16;562
1;3;17;1934
1;3;18;620
1;3;19;449
1;3;20;537
1;3;21;573
1;3;22;33947
1;3;23;7314
1;3;24;1517
1;3;25;2740
1;3;26;7237
1;3;27;622
1;3;28;4354
1;3;29;6248
1;3;30;25262
1;3;31;6955
1;3;32;584
1;3;33;768
1;3;34;7714
1;3;35;23110
1;3;36;6478
1;3;37;550
1;3;38;572
1;3;39;5229
1;3;40;8234
1;3;41;34199
1;3;42;2862
1;3;43;27124
1;3;44;526
1;3;45;1324
1;3;46;8290
1;3;47;7072
1;3;48;30814
1;3;49;25776
1;3;50;538
1;3;51;7618
1;3;52;30411
1;3;53;30815
1;3;54;33976
1;3;55;7437
1;3;56;34593
1;3;57;1720
1;3;58;23795
1;3;59;5303
1;3;60;2212
1;3;61;32127
1;3;62;15631
1;3;63;2259
1;3;64;7040
1;3;65;28061
1;3;66;8201
1;3;67;7316
1;3;68;7477
1;3;69;1067
1;3;70;7011
1;3;71;31188
1;3;72;7730
1;3;73;5264
1;3;74;7315
1;3;75;1155
1;3;76;32735
1;3;77;624
1;3;78;22825
1;3;79;1017
1;3;80;571
1;3;81;574
1;3;82;1000
1;3;83;23155
1;3;84;32876
1;3;85;33206
1;3;86;1583
1;3;87;32300
1;3;88;19375
1;3;89;25248
1;3;90;552
1;3;91;32562
1;3;92;0
1;3;93;4858
1;3;94;5878
1;3;95;996
1;3;96;1378
1;3;97;7009
1;3;98;1335
1;3;99;5793
1;3;100;8497
1;3;101;697
1;3;102;1272
1;3;103;31961
1;3;104;1278
1;3;105;24295
1;3;106;33926
1;3;107;26706
1;3;108;30365
1;3;109;1211
1;3;110;851
1;3;111;4618
1;3;112;1506
1;3;113;34366
1;3;114;1273
1;3;115;2939
1;3;116;26862
1;3;117;6654
1;3;118;2516
1;3;119;29893
1;3;120;1267
1;3;121;24358
1;3;122;1066
1;3;123;30089
1;3;124;32864
1;3;125;34050
1;3;126;17541
1;3;127;891
1;3;128;1334
1;3;129;3134
1;3;130;1254
1;3;131;32973
1;3;132;1264
1;3;133;24044
1;3;134;24046
1;3;135;785
1;3;136;5679
1;3;137;1256
1;3;138;24461
1;3;139;24294
1;3;140;20963
1;3;141;31900
1;3;142;31904
1;3;143;0
2;3;1;24118
2;3;2;3308
2;3;3;33827
2;3;4;26070
2;3;5;804
2;3;6;3357
2;3;7;20255
2;3;8;6360
2;3;9;33162
2;3;10;1312
2;3;11;33985
2;3;12;2728
2;3;13;5791
2;3;14;8331
2;3;15;1269
2;3;16;1280
2;3;17;22147
2;3;18;21300
2;3;19;18009
2;3;20;31136
2;3;21;16326
2;3;22;25082
2;3;23;1957
2;3;24;203
2;3;25;204
2;3;26;24322
2;3;27;6912
2;3;28;29204
2;3;29;4367
2;3;30;30242
2;3;31;33954
2;3;32;15168
2;3;33;24449
2;3;34;28517
2;3;35;1924
2;3;36;21297
2;3;37;2094
2;3;38;22771
2;3;39;30383
2;3;40;3141
2;3;41;26265
2;3;42;778
2;3;43;882
2;3;44;1068
2;3;45;688
2;3;46;1041
2;3;47;1337
2;3;48;4357
2;3;49;31025
2;3;50;1189
2;3;51;31833
2;3;52;24822
2;3;53;17957
2;3;54;31517
2;3;55;30863
2;3;56;27158
2;3;57;17714
2;3;58;24229
2;3;59;7184
2;3;60;16062
2;3;61;8435
2;3;62;30075
2;3;63;3197
2;3;64;4359
2;3;65;19168
2;3;66;6274
2;3;67;23086
2;3;68;395
2;3;69;25704
2;3;70;5296
2;3;71;26558
2;3;72;24042
2;3;73;2511
2;3;74;29892
2;3;75;33071
2;3;76;8983
2;3;77;6322
2;3;78;2346
2;3;79;6428
2;3;80;34611
2;3;81;121
2;3;82;4576
2;3;83;29398
2;3;84;29399
2;3;85;26317
2;3;86;19441
2;3;87;6270
2;3;88;20844
2;3;89;3209
2;3;90;6181
2;3;91;17733
2;3;92;4318
2;3;93;6321
2;3;94;24330
2;3;95;18963
2;3;96;0
2;3;97;5882
2;3;98;1332
2;3;99;30825
2;3;100;30149
2;3;101;836
2;3;102;20419
2;3;103;2714
2;3;104;751
2;3;105;1083
2;3;106;23852
2;3;107;29246
2;3;108;256
2;3;109;20453
2;3;110;20457
2;3;111;8333
2;3;112;1603
2;3;113;15265
2;3;114;6139
2;3;115;853
2;3;116;4358
2;3;117;23702
2;3;118;3295
2;3;119;997
2;3;120;1213
2;3;121;783
2;3;122;7791
2;3;123;7430
2;3;124;30657
2;3;125;1007
2;3;126;1174
2;3;127;23391
2;3;128;33840
2;3;129;25584
2;3;130;33781
2;3;131;2652
2;3;132;1063
2;3;133;4337
2;3;134;0
1;4;1;33236
1;4;2;23728
1;4;3;6587
1;4;4;34762
1;4;5;18
1;4;6;4763
1;4;7;7953
1;4;8;24120
1;4;9;26079
1;4;10;7355
1;4;11;7357
1;4;12;7359
1;4;13;7373
1;4;14;24306
1;4;15;7646
1;4;16;2741
1;4;17;21094
1;4;18;32109
1;4;19;4088
1;4;20;8971
1;4;21;766
1;4;22;2593
1;4;23;4454
1;4;24;28198
1;4;25;29744
1;4;26;1018
1;4;27;15958
1;4;28;1605
1;4;29;27561
1;4;30;6378
1;4;31;28985
1;4;32;15031
1;4;33;33513
1;4;34;5927
1;4;35;651
1;4;36;21589
1;4;37;28367
1;4;38;7226
1;4;39;19186
1;4;40;32776
1;4;41;8444
1;4;42;9490
1;4;43;32985
1;4;44;927
1;4;45;1008
1;4;46;658
1;4;47;4881
1;4;48;32950
1;4;49;6813
1;4;50;5762
1;4;51;23862
1;4;52;21839
1;4;53;949
1;4;54;26763
1;4;55;5185
1;4;56;984
1;4;57;24590
1;4;58;846
1;4;59;34331
1;4;60;1526
1;4;61;24164
1;4;62;3115
1;4;63;8409
1;4;64;25505
1;4;65;6094
1;4;66;1139
1;4;67;19770
1;4;68;950
1;4;69;948
1;4;70;7706
1;4;71;25586
1;4;72;17439
1;4;73;9016
1;4;74;33740
1;4;75;29973
1;4;76;30199
1;4;77;696
1;4;78;5298
1;4;79;31905
1;4;80;942
1;4;81;941
1;4;82;962
1;4;83;29911
1;4;84;18715
1;4;85;597
1;4;86;644
1;4;87;964
1;4;88;24119
1;4;89;25743
1;4;90;951
1;4;91;23982
1;4;92;1005
1;4;93;7205
1;4;94;8369
1;4;95;944
1;4;96;952
1;4;97;0
1;4;98;809
1;4;99;24163
1;4;100;810
1;4;101;21064
1;4;102;3238
1;4;103;4334
1;4;104;1566
1;4;105;3329
1;4;106;843
1;4;107;1640
1;4;108;945
1;4;109;18716
1;4;110;16472
1;4;111;865
1;4;112;22341
1;4;113;33318
1;4;114;25649
1;4;115;33839
1;4;116;946
1;4;117;940
1;4;118;4721
1;4;119;34389
1;4;120;8669
1;4;121;28043
1;4;122;32952
1;4;123;28987
1;4;124;5908
1;4;125;943
1;4;126;4340
1;4;127;32746
1;4;128;4953
1;4;129;2340
1;4;130;15093
1;4;131;981
1;4;132;33953
1;4;133;19950
1;4;134;5576
1;4;135;993
1;4;136;24257
1;4;137;1200
1;4;138;2524
1;4;139;31051
1;4;140;23988
1;4;141;31189
1;4;142;32949
1;4;143;33003
1;4;144;34825
1;4;145;30190
1;4;146;30218
1;4;147;30243
1;4;148;30352
1;4;149;30351
1;4;150;30186
1;4;151;30160
1;4;152;34197
1;4;153;0
2;4;1;2091
2;4;2;8418
2;4;3;5131
2;4;4;4907
2;4;5;32823
2;4;6;6503
2;4;7;4746
2;4;8;4524
2;4;9;7472
2;4;10;30758
2;4;11;31047
2;4;12;890
2;4;13;23876
2;4;14;958
2;4;15;959
2;4;16;932
2;4;17;7867
2;4;18;8492
2;4;19;33991
2;4;20;21147
2;4;21;6255
2;4;22;2840
2;4;23;0
1;5;1;33666
1;5;2;4986
1;5;3;31658
1;5;4;31661
1;5;5;31663
1;5;6;33849
1;5;7;4988
1;5;8;4753
1;5;9;2316
1;5;10;5015
1;5;11;5555
1;5;12;2707
1;5;13;1755
1;5;14;2306
1;5;15;4896
1;5;16;4797
1;5;17;2698
1;5;18;7740
1;5;19;2300
1;5;20;7308
1;5;21;3003
1;5;22;15940
1;5;23;5339
1;5;24;29509
1;5;25;4350
1;5;26;4798
1;5;27;6217
1;5;28;1732
1;5;29;5006
1;5;30;1407
1;5;31;5056
1;5;32;4875
1;5;33;28289
1;5;34;19987
1;5;35;5038
1;5;36;5080
1;5;37;1268
1;5;38;31156
1;5;39;5036
1;5;40;28007
1;5;41;205
1;5;42;18006
1;5;43;25465
1;5;44;1255
1;5;45;29839
1;5;46;1246
1;5;47;1247
1;5;48;0
